 First Stage Estimation Results 	lURG 	lMCO_HP 	lMCO_HC 	lSSR 	lPSY 	lSEANCES 	lUSLD 	lURG_PNL 	lMCO_HP_PNL 	lMCO_HC_PNL 	lSSR_PNL 	lPSY_PNL 	lSEANCES_PNL 	lUSLD_PNL 	lURG_PL 	lMCO_HP_PL 	lMCO_HC_PL 	lSSR_PL 	lPSY_PL 	lSEANCES_PL 	lUSLD_PL 	lURG_CHU 	lMCO_HP_CHU 	lMCO_HC_CHU 	lSSR_CHU 	lPSY_CHU 	lSEANCES_CHU 	lUSLD_CHU 	lduree_MCO
R-squared 	0.9967 	0.9623 	0.9867 	0.9793 	0.9851 	0.9675 	0.9665 	0.9288 	0.9653 	0.9933 	0.9918 	0.9521 	0.8868 	0.9277 	0.9822 	0.9784 	0.9919 	0.9793 	0.9868 	0.9212 	0.9400 	0.9883 	0.9684 	0.9924 	0.9557 	0.9620 	0.9635 	0.9058 	0.9608
Partial R-squared 	0.3905 	0.8254 	0.7855 	0.3528 	0.5183 	0.4929 	0.2596 	0.9201 	0.9517 	0.9899 	0.9785 	0.9399 	0.8549 	0.9117 	0.9735 	0.9483 	0.9799 	0.9498 	0.9793 	0.8598 	0.9369 	0.9760 	0.8506 	0.9572 	0.9017 	0.9443 	0.9171 	0.8643 	0.7178
Shea's R-squared 	0.1158 	0.6933 	0.6274 	0.2627 	0.4771 	0.3070 	0.2369 	0.6629 	0.7122 	0.8151 	0.8589 	0.8909 	0.4596 	0.8819 	0.6403 	0.7057 	0.7595 	0.8353 	0.9194 	0.4530 	0.9234 	0.4926 	0.6232 	0.7038 	0.7982 	0.8864 	0.6519 	0.8022 	0.5528
Partial F-statistic 	567.58 	9400.4 	5031.7 	685.73 	358.97 	521.04 	134.64 	7775.8 	4.533e+04 	2.441e+05 	1.507e+05 	2.154e+04 	4006.3 	2254.8 	1.334e+05 	7.562e+04 	3.612e+05 	2.043e+05 	4.419e+04 	1.006e+04 	1806.8 	3.754e+05 	5036.7 	3.567e+04 	1.676e+04 	1.872e+04 	1.739e+04 	2079.5 	4682.6
P-value (Partial F-stat) 	0.0000 	0.0000 	0.0000 	0.0000 	0.0000 	0.0000 	1.443e-15 	0.0000 	0.0000 	0.0000 	0.0000 	0.0000 	0.0000 	0.0000 	0.0000 	0.0000 	0.0000 	0.0000 	0.0000 	0.0000 	0.0000 	0.0000 	0.0000 	0.0000 	0.0000 	0.0000 	0.0000 	0.0000 	0.0000
Partial F-stat Distn 	chi2(29) 	chi2(29) 	chi2(29) 	chi2(29) 	chi2(29) 	chi2(29) 	chi2(29) 	chi2(29) 	chi2(29) 	chi2(29) 	chi2(29) 	chi2(29) 	chi2(29) 	chi2(29) 	chi2(29) 	chi2(29) 	chi2(29) 	chi2(29) 	chi2(29) 	chi2(29) 	chi2(29) 	chi2(29) 	chi2(29) 	chi2(29) 	chi2(29) 	chi2(29) 	chi2(29) 	chi2(29) 	chi2(29)
========================== 	=========== 	=========== 	=========== 	=========== 	============ 	=========== 	=========== 	=========== 	=========== 	============ 	=========== 	=========== 	=========== 	=========== 	=========== 	============== 	============ 	=========== 	============ 	=========== 	============ 	=========== 	=========== 	=========== 	=========== 	=========== 	============ 	============ 	===========
Intercept 	-0.0218 	-0.0319 	-0.0138 	-0.0731 	0.0687 	-0.0770 	-0.0265 	-0.0059 	-0.0061 	-0.0089 	-0.0132 	0.0115 	-0.0154 	-0.0083 	-0.0094 	-0.0185 	-0.0069 	-0.0624 	0.0050 	-0.0309 	-0.0023 	-0.0038 	-0.0125 	-0.0063 	-0.0315 	-0.0010 	-0.0033 	-0.0108 	-0.0138
	(-1.0977) 	(-0.7442) 	(-0.4071) 	(-2.5527) 	(2.8313) 	(-1.6384) 	(-1.0339) 	(-0.6459) 	(-0.9151) 	(-1.5142) 	(-1.7911) 	(1.3468) 	(-1.2560) 	(-1.8905) 	(-1.3389) 	(-1.8425) 	(-1.0864) 	(-3.1916) 	(1.0833) 	(-1.1941) 	(-1.0569) 	(-0.9388) 	(-1.3648) 	(-1.0340) 	(-2.4451) 	(-0.1573) 	(-0.5151) 	(-1.7930) 	(-0.9515)
Statut_PNL 	0.0044 	0.0119 	0.0291 	0.0608 	-0.0348 	-0.0818 	-0.0042 	-0.0779 	-0.0162 	0.0266 	0.0906 	0.0114 	-0.3104 	-0.0054 	0.0288 	0.0116 	0.0118 	0.0381 	-0.0029 	0.1163 	0.0019 	0.0117 	0.0161 	0.0069 	0.0213 	0.0025 	0.0210 	0.0072 	0.0032
	(0.1903) 	(0.2067) 	(0.7495) 	(1.4351) 	(-0.7688) 	(-1.2102) 	(-0.1441) 	(-2.3177) 	(-0.4099) 	(2.2096) 	(2.0494) 	(0.1920) 	(-3.5894) 	(-0.3191) 	(1.7113) 	(0.9131) 	(1.9987) 	(2.0940) 	(-0.5232) 	(3.1057) 	(1.0084) 	(1.0212) 	(1.7755) 	(1.2551) 	(2.0008) 	(0.2794) 	(2.0342) 	(1.2616) 	(0.1891)
Statut_PL 	0.0141 	0.0759 	-0.0335 	0.2077 	-0.0881 	-0.0337 	0.0198 	0.0120 	-0.0050 	0.0008 	0.0078 	-0.0440 	0.0471 	0.0045 	-0.0033 	0.1127 	0.0224 	0.2224 	0.0773 	-0.1548 	0.0004 	0.0039 	0.0040 	0.0032 	0.0197 	-0.0194 	0.0144 	0.0084 	-0.0129
	(0.6197) 	(0.8302) 	(-0.5724) 	(5.0429) 	(-1.9576) 	(-0.4809) 	(0.7466) 	(0.7093) 	(-0.6626) 	(0.1766) 	(1.1553) 	(-1.9897) 	(1.9516) 	(1.1762) 	(-0.0668) 	(1.2809) 	(0.5072) 	(4.1693) 	(1.5241) 	(-1.8991) 	(0.0878) 	(0.6174) 	(0.4344) 	(0.8833) 	(1.5818) 	(-1.3760) 	(1.4627) 	(1.4104) 	(-0.5997)
Statut_CHU 	-0.1376 	-0.0431 	0.0077 	0.1019 	0.1412 	-0.4663 	0.0777 	-0.0404 	-0.0373 	-0.0375 	0.0123 	0.0051 	0.0762 	-0.0143 	-0.0347 	-0.1118 	-0.0263 	0.0886 	0.0038 	0.1943 	-0.0040 	0.0172 	0.2919 	0.3564 	-0.0066 	0.1496 	-0.8703 	0.1303 	-0.0541
	(-1.7499) 	(-0.1517) 	(0.0302) 	(0.7728) 	(1.2914) 	(-1.7540) 	(1.0100) 	(-1.5160) 	(-1.6595) 	(-1.3049) 	(0.7592) 	(0.1507) 	(1.3940) 	(-1.0823) 	(-1.4808) 	(-1.8636) 	(-0.6669) 	(1.4641) 	(0.2661) 	(1.5956) 	(-0.8301) 	(0.3169) 	(0.9278) 	(1.2434) 	(-0.0280) 	(1.2956) 	(-1.9114) 	(1.5133) 	(-0.6100)
I_PSY 	0.1028 	-0.1408 	-0.1944 	-0.1907 	4.2964 	-0.0547 	0.0251 	0.0373 	-0.0277 	-0.0536 	-0.0138 	1.1843 	-0.3136 	-0.0014 	0.0182 	-0.0032 	0.0073 	-0.0488 	0.4823 	0.1066 	-0.0007 	0.0056 	-0.0346 	-0.0582 	0.2133 	0.7331 	-0.0061 	0.0186 	-0.0093
	(1.5713) 	(-1.2191) 	(-2.1822) 	(-1.6708) 	(7.2352) 	(-0.2468) 	(0.5589) 	(1.2940) 	(-0.8385) 	(-0.9637) 	(-0.4820) 	(2.2630) 	(-0.9604) 	(-0.1146) 	(0.8934) 	(-0.1334) 	(0.4981) 	(-0.6083) 	(1.3056) 	(0.9837) 	(-0.3048) 	(0.4687) 	(-0.4669) 	(-0.8965) 	(1.4361) 	(1.9539) 	(-0.0955) 	(0.9133) 	(-0.2810)
I_SSR 	0.0668 	-0.1072 	0.0651 	4.0525 	-0.1637 	0.0799 	-0.0457 	-0.0815 	-0.0675 	-0.0057 	0.2300 	-0.0009 	0.0498 	-0.0068 	0.0372 	-0.0339 	-0.0353 	1.1405 	-0.0096 	0.1736 	-0.0101 	0.0042 	0.0054 	-0.0076 	0.5298 	0.0834 	0.0105 	-0.0315 	0.0465
	(1.1478) 	(-0.5780) 	(0.2936) 	(18.690) 	(-1.2646) 	(0.7278) 	(-1.0233) 	(-0.8953) 	(-1.4110) 	(-0.5022) 	(1.7509) 	(-0.0248) 	(1.3643) 	(-0.5541) 	(1.0980) 	(-0.2127) 	(-0.2178) 	(3.7903) 	(-0.6076) 	(1.2143) 	(-1.0955) 	(0.3117) 	(0.0531) 	(-0.3387) 	(2.6651) 	(1.0831) 	(0.3091) 	(-1.4053) 	(0.6713)
I_URG 	8.5427 	0.1772 	-0.1045 	-0.3218 	-0.0755 	-0.5456 	-0.0444 	2.2208 	-0.0643 	-0.0241 	-0.3586 	0.0298 	0.2379 	0.0304 	1.8184 	-0.0488 	-0.0064 	0.0553 	0.0121 	-0.5263 	-0.0020 	0.7263 	0.0820 	-0.0044 	0.0591 	-0.0176 	-0.0809 	0.0135 	-0.1544
	(27.015) 	(0.5171) 	(-1.1720) 	(-2.3332) 	(-1.2941) 	(-1.9164) 	(-0.8935) 	(2.4465) 	(-0.9048) 	(-0.8869) 	(-1.1247) 	(1.2641) 	(0.8730) 	(0.8431) 	(1.9839) 	(-0.7007) 	(-0.1955) 	(0.8130) 	(1.0280) 	(-3.1271) 	(-0.6530) 	(1.0366) 	(1.2376) 	(-0.2209) 	(1.3829) 	(-0.5465) 	(-1.1794) 	(0.3808) 	(-3.6604)
I_USLD 	-0.0552 	0.0290 	0.1290 	-0.1087 	0.0994 	-0.0018 	2.0986 	-0.0040 	0.1636 	-0.0115 	-0.0163 	-0.0047 	0.0036 	0.2692 	-0.0272 	-0.0535 	0.0025 	-0.0931 	-0.0010 	-0.0548 	0.0810 	0.0047 	-0.0016 	0.0145 	-0.0476 	0.0398 	-0.0307 	0.4210 	0.0517
	(-0.9629) 	(0.1618) 	(0.8608) 	(-1.0855) 	(1.6093) 	(-0.0182) 	(14.529) 	(-0.1661) 	(1.1365) 	(-0.8540) 	(-0.9534) 	(-0.2444) 	(0.0923) 	(2.2114) 	(-1.3247) 	(-1.5692) 	(0.1864) 	(-1.8449) 	(-0.1310) 	(-0.7695) 	(1.1192) 	(0.3820) 	(-0.0260) 	(0.4627) 	(-1.2752) 	(1.3782) 	(-0.6377) 	(2.8843) 	(1.1172)
I_SEANCES 	-0.0142 	0.1954 	0.2069 	-0.0268 	-0.0408 	5.1211 	-0.0465 	0.0594 	0.0121 	0.0241 	-0.0110 	-0.0469 	0.9422 	-0.0156 	-0.0447 	-0.0565 	0.1092 	0.0430 	0.0019 	2.2191 	-0.0014 	-0.0091 	0.1078 	0.0271 	-0.0135 	0.0394 	0.4501 	-0.0111 	0.0141
	(-0.3081) 	(1.0951) 	(4.4265) 	(-0.4547) 	(-0.9672) 	(19.912) 	(-2.0470) 	(1.2562) 	(0.2946) 	(1.4330) 	(-0.8355) 	(-0.9034) 	(4.8572) 	(-1.1463) 	(-1.0741) 	(-0.4155) 	(2.8155) 	(0.5602) 	(0.1673) 	(7.2606) 	(-0.8089) 	(-0.4956) 	(1.1769) 	(1.5394) 	(-0.6157) 	(1.3359) 	(3.1800) 	(-0.7472) 	(0.6243)
I_MCO 	-0.1509 	1.7710 	1.6400 	-0.0843 	0.0152 	-0.2363 	-0.0131 	-0.0545 	0.1834 	0.2049 	0.0547 	0.0064 	-0.0727 	0.0433 	-0.0311 	0.5750 	0.1635 	-0.0513 	-0.0027 	-0.0762 	0.0080 	-0.0047 	0.2369 	0.1169 	0.0533 	0.0286 	-0.0314 	0.0228 	0.8470
	(-5.7274) 	(5.6697) 	(4.8698) 	(-0.8877) 	(0.3741) 	(-3.2279) 	(-0.2702) 	(-1.6479) 	(2.2579) 	(1.4919) 	(2.1288) 	(0.4846) 	(-1.2936) 	(1.9200) 	(-1.4094) 	(2.5553) 	(1.0590) 	(-0.4741) 	(-0.3903) 	(-1.4128) 	(1.0394) 	(-0.5437) 	(2.0949) 	(1.0832) 	(0.7626) 	(1.2676) 	(-0.4590) 	(1.0996) 	(5.2105)
lURG_2019 	0.0961 	-0.0168 	0.0557 	0.0333 	0.0021 	0.0143 	0.0035 	-0.2200 	-0.0025 	0.0013 	0.0355 	-0.0048 	-0.0386 	-0.0062 	-0.1793 	-0.0018 	-0.0002 	-0.0057 	-0.0018 	0.0235 	0.0006 	-0.0726 	-0.0112 	0.0006 	-0.0013 	0.0001 	0.0004 	-0.0033 	0.0103
	(2.9585) 	(-0.4182) 	(2.5640) 	(2.0428) 	(0.3586) 	(0.4902) 	(0.6127) 	(-2.3930) 	(-0.3103) 	(0.4679) 	(1.1179) 	(-1.6928) 	(-1.4307) 	(-1.4574) 	(-1.9543) 	(-0.2529) 	(-0.0363) 	(-0.7768) 	(-1.1699) 	(1.4064) 	(1.0649) 	(-1.0339) 	(-1.5193) 	(0.3213) 	(-0.2817) 	(0.0438) 	(0.0757) 	(-0.9708) 	(1.5634)
lMCO_HC_2019 	0.0505 	-0.0008 	0.8418 	-0.0209 	-0.0072 	0.0704 	0.0048 	-0.0019 	0.0225 	-0.0061 	-0.0015 	-0.0032 	0.0190 	0.0071 	-0.0006 	0.0008 	-0.0102 	0.0018 	-0.0026 	0.0072 	-0.0028 	0.0023 	-0.0047 	-0.0073 	-0.0216 	-0.0054 	0.0096 	0.0009 	-0.0310
	(6.1742) 	(-0.0162) 	(25.105) 	(-1.0404) 	(-1.0317) 	(4.1008) 	(0.6773) 	(-0.1834) 	(1.2233) 	(-0.8987) 	(-0.5215) 	(-0.9222) 	(2.0112) 	(0.9929) 	(-0.0937) 	(0.0277) 	(-0.6232) 	(0.1685) 	(-1.2134) 	(0.5195) 	(-1.2044) 	(0.6281) 	(-0.4068) 	(-1.1325) 	(-2.3770) 	(-1.3240) 	(1.1072) 	(0.2862) 	(-2.1684)
lMCO_HP_2019 	0.0067 	0.8740 	-0.0307 	0.0206 	0.0020 	-0.0170 	0.0094 	0.0023 	-0.0104 	-0.0051 	-0.0004 	-0.0014 	-0.0070 	-0.0017 	0.0023 	-0.0179 	-0.0036 	0.0060 	-0.0003 	-0.0130 	0.0007 	4.356e-05 	-0.0068 	-0.0020 	0.0053 	-0.0007 	-0.0041 	0.0008 	-0.0242
	(1.1506) 	(37.354) 	(-2.4556) 	(1.9603) 	(0.4156) 	(-1.8955) 	(1.7525) 	(0.5228) 	(-1.9100) 	(-1.3830) 	(-0.3326) 	(-0.8290) 	(-1.8509) 	(-1.0108) 	(0.6268) 	(-2.4210) 	(-1.2372) 	(1.3235) 	(-0.3859) 	(-1.6927) 	(1.1451) 	(0.0310) 	(-1.9735) 	(-0.9181) 	(1.4799) 	(-0.5643) 	(-1.3295) 	(0.4667) 	(-3.7739)
lSSR_2019 	-0.0100 	0.0072 	-0.0094 	0.2928 	0.0228 	0.0010 	0.0083 	0.0140 	0.0109 	0.0009 	-0.0360 	-0.0020 	-0.0032 	0.0010 	-0.0050 	0.0049 	0.0056 	-0.1767 	0.0006 	-0.0191 	0.0014 	-0.0002 	-0.0005 	0.0011 	-0.0831 	-0.0142 	0.0003 	0.0045 	-0.0050
	(-0.9655) 	(0.2441) 	(-0.2447) 	(8.1611) 	(1.0342) 	(0.0538) 	(1.0556) 	(0.9751) 	(1.4404) 	(0.4562) 	(-1.7533) 	(-0.3274) 	(-0.5289) 	(0.5135) 	(-0.9639) 	(0.2014) 	(0.2238) 	(-3.7457) 	(0.2572) 	(-0.8575) 	(1.0759) 	(-0.1185) 	(-0.0331) 	(0.3236) 	(-2.6562) 	(-1.1614) 	(0.0471) 	(1.2800) 	(-0.4085)
lPSY_2019 	-0.0040 	0.0318 	0.0241 	0.0214 	0.4972 	0.0146 	-0.0038 	-0.0021 	0.0027 	0.0056 	0.0019 	-0.1266 	0.0347 	0.0002 	-0.0001 	-2.022e-07 	-0.0009 	0.0093 	-0.0516 	-0.0097 	5.32e-05 	0.0001 	0.0038 	0.0062 	-0.0210 	-0.0780 	0.0010 	-0.0020 	0.0027
	(-0.5487) 	(2.1231) 	(2.1949) 	(1.6960) 	(7.6079) 	(0.6127) 	(-0.6812) 	(-0.7724) 	(0.7694) 	(0.9451) 	(0.6133) 	(-2.2570) 	(0.9922) 	(0.1751) 	(-0.0514) 	(-6.537e-05) 	(-0.4220) 	(1.0315) 	(-1.3048) 	(-0.8321) 	(0.1925) 	(0.0737) 	(0.4739) 	(0.8880) 	(-1.3385) 	(-1.9463) 	(0.1406) 	(-0.8818) 	(0.6322)
lSEANCES_2019 	0.0836 	0.0261 	0.0074 	0.0160 	-0.0011 	0.4151 	-0.0024 	0.0064 	-0.0016 	-0.0002 	0.0004 	0.0066 	-0.0913 	0.0023 	0.0145 	0.0099 	-0.0082 	-0.0008 	0.0007 	-0.2159 	0.0007 	0.0048 	-0.0073 	-0.0010 	0.0060 	-0.0017 	-0.0447 	0.0026 	0.0108
	(9.1564) 	(1.2044) 	(0.5978) 	(1.6750) 	(-0.1165) 	(13.141) 	(-0.5280) 	(0.8225) 	(-0.3285) 	(-0.0985) 	(0.1514) 	(1.2057) 	(-4.6878) 	(1.2131) 	(1.5864) 	(0.7230) 	(-2.1340) 	(-0.1059) 	(0.5984) 	(-6.6808) 	(1.1084) 	(0.8834) 	(-0.8239) 	(-0.4879) 	(1.7655) 	(-0.6576) 	(-3.1384) 	(1.2327) 	(2.3592)
lUSLD_2019 	0.0083 	0.0161 	-0.0387 	0.0383 	-0.0434 	-0.0063 	0.3545 	0.0022 	-0.0453 	0.0042 	0.0064 	0.0036 	-0.0003 	-0.0752 	0.0093 	0.0178 	-2.256e-05 	0.0352 	0.0011 	0.0185 	-0.0228 	-0.0006 	0.0019 	-0.0036 	0.0183 	-0.0089 	0.0090 	-0.1181 	-0.0112
	(0.4781) 	(0.3086) 	(-0.8580) 	(1.2554) 	(-1.9218) 	(-0.2169) 	(8.3434) 	(0.3009) 	(-1.1243) 	(1.0268) 	(1.1269) 	(0.4846) 	(-0.0235) 	(-2.2005) 	(1.4369) 	(1.7489) 	(-0.0050) 	(2.1524) 	(0.3623) 	(0.8899) 	(-1.1187) 	(-0.1772) 	(0.1075) 	(-0.4034) 	(1.5782) 	(-0.9866) 	(0.6588) 	(-2.8715) 	(-0.8370)
lURG_2019_PNL 	0.0540 	0.0279 	-0.0227 	-0.0256 	-0.0089 	-0.0238 	0.0063 	0.9378 	0.0323 	0.0180 	-0.0143 	-0.0050 	0.0319 	0.0169 	0.0182 	0.0066 	0.0005 	-0.0039 	0.0001 	-0.0129 	-0.0003 	0.0076 	0.0027 	0.0004 	-0.0029 	-0.0004 	-0.0015 	0.0003 	0.0018
	(4.5159) 	(1.0157) 	(-1.2612) 	(-1.5667) 	(-1.1383) 	(-1.0603) 	(0.8942) 	(36.389) 	(1.4299) 	(3.6554) 	(-1.2697) 	(-0.7741) 	(1.2114) 	(1.3723) 	(1.4818) 	(2.0925) 	(0.3984) 	(-1.0475) 	(0.1192) 	(-0.9823) 	(-0.6573) 	(0.9458) 	(1.3315) 	(0.5269) 	(-1.2430) 	(-0.2525) 	(-0.5502) 	(0.1868) 	(0.3179)
lMCO_HC_2019_PNL 	-0.0076 	0.1207 	0.0512 	0.0087 	-0.0008 	0.0065 	0.0101 	0.0062 	0.1362 	0.9668 	-0.0087 	-0.0009 	0.0645 	0.0080 	0.0026 	0.0004 	0.0002 	0.0040 	-1.026e-05 	-0.0252 	0.0003 	0.0005 	-0.0003 	0.0008 	0.0055 	0.0002 	-0.0064 	-0.0004 	0.0026
	(-1.7416) 	(2.3690) 	(2.6228) 	(0.6540) 	(-0.1597) 	(0.3724) 	(1.1470) 	(1.2261) 	(2.6986) 	(75.240) 	(-1.6379) 	(-0.5007) 	(2.5227) 	(0.5704) 	(0.8036) 	(0.0552) 	(0.0724) 	(0.9517) 	(-0.0147) 	(-2.2224) 	(0.7204) 	(0.3768) 	(-0.1165) 	(0.5561) 	(1.8308) 	(0.1203) 	(-1.9832) 	(-0.1940) 	(0.2506)
lMCO_HP_2019_PNL 	-0.0154 	-0.1119 	-0.0206 	-0.0067 	0.0075 	0.0462 	-0.0139 	-0.0183 	0.8385 	0.0036 	-0.0030 	0.0073 	0.0696 	-0.0133 	0.0027 	-0.0093 	-0.0025 	-0.0028 	0.0016 	-0.0013 	-5.975e-05 	0.0010 	-0.0039 	-0.0020 	-0.0015 	0.0015 	-6.752e-05 	-0.0001 	-0.0049
	(-1.9489) 	(-2.0285) 	(-0.9188) 	(-0.4515) 	(1.1269) 	(2.0476) 	(-1.3323) 	(-0.9855) 	(15.585) 	(0.3246) 	(-0.3395) 	(1.2544) 	(2.1679) 	(-0.7722) 	(0.4867) 	(-1.2782) 	(-0.8976) 	(-0.5726) 	(1.0079) 	(-0.0889) 	(-0.1259) 	(0.4004) 	(-1.1747) 	(-0.8615) 	(-0.5382) 	(0.8037) 	(-0.0210) 	(-0.0507) 	(-0.4157)
lSSR_2019_PNL 	0.0040 	0.0076 	-0.0080 	0.0501 	-0.0044 	0.0021 	0.0040 	0.0150 	0.0020 	-0.0030 	0.9575 	0.0003 	0.0331 	0.0046 	-0.0045 	0.0003 	-0.0014 	0.0039 	-4.247e-05 	-0.0194 	1.596e-05 	-0.0019 	-0.0014 	-0.0004 	0.0018 	7.937e-05 	-0.0040 	0.0004 	-0.0017
	(0.9341) 	(0.6939) 	(-0.9880) 	(6.0482) 	(-0.5699) 	(0.1763) 	(0.8320) 	(2.3877) 	(0.2199) 	(-1.0174) 	(154.85) 	(0.0276) 	(2.1920) 	(1.3054) 	(-1.6361) 	(0.1489) 	(-1.2186) 	(1.3235) 	(-0.0455) 	(-2.9781) 	(0.0927) 	(-0.9964) 	(-1.1830) 	(-1.0900) 	(1.1689) 	(0.0550) 	(-2.2617) 	(0.3849) 	(-0.4713)
lPSY_2019_PNL 	-0.0059 	-0.0203 	-0.0034 	-0.0064 	-0.0347 	0.0101 	0.0034 	0.0077 	-0.0025 	-0.0004 	-0.0122 	0.9554 	0.0375 	-0.0001 	-0.0042 	0.0004 	-0.0005 	-0.0026 	-0.0052 	-0.0117 	0.0001 	-0.0017 	-0.0004 	0.0005 	-0.0037 	-0.0083 	-0.0021 	0.0003 	-0.0022
	(-1.5783) 	(-2.0752) 	(-0.5183) 	(-0.7315) 	(-2.3442) 	(1.2525) 	(1.0767) 	(1.9234) 	(-0.4286) 	(-0.2825) 	(-1.6665) 	(65.460) 	(4.4264) 	(-0.0545) 	(-1.7842) 	(0.2904) 	(-1.2421) 	(-1.1106) 	(-1.2251) 	(-2.6076) 	(0.7730) 	(-1.0628) 	(-0.3727) 	(0.7427) 	(-1.6380) 	(-1.7589) 	(-1.5825) 	(0.4485) 	(-0.7969)
lSEANCES_2019_PNL 	-0.0789 	0.0125 	-0.0043 	-0.0090 	-0.0013 	-0.0295 	0.0021 	0.0281 	0.0437 	0.0034 	-0.0061 	0.0008 	0.8010 	-0.0027 	-0.0205 	-0.0022 	0.0013 	0.0002 	-0.0022 	0.0463 	-0.0005 	-0.0081 	0.0003 	0.0002 	-0.0026 	-0.0027 	0.0096 	-0.0024 	-0.0057
	(-8.2276) 	(0.5328) 	(-0.3181) 	(-0.8113) 	(-0.1362) 	(-1.0890) 	(0.4430) 	(1.5423) 	(2.3348) 	(0.6948) 	(-1.0991) 	(0.1133) 	(22.177) 	(-0.8208) 	(-1.7238) 	(-0.5831) 	(0.9994) 	(0.0439) 	(-1.1675) 	(2.9436) 	(-1.0154) 	(-0.9906) 	(0.1396) 	(0.3026) 	(-1.2916) 	(-1.2491) 	(2.2389) 	(-1.6282) 	(-1.1579)
lUSLD_2019_PNL 	0.0147 	0.0414 	-0.0058 	-0.0309 	0.0084 	0.0142 	-0.0509 	0.0182 	0.0668 	-0.0016 	-0.0196 	-0.0085 	-0.0356 	0.8997 	-0.0069 	-0.0015 	-0.0010 	-0.0089 	-0.0014 	0.0171 	-0.0007 	-0.0023 	-0.0010 	-0.0011 	-0.0085 	-0.0030 	0.0050 	-0.0017 	0.0022
	(1.9932) 	(0.7798) 	(-0.3086) 	(-1.6079) 	(0.7273) 	(0.8579) 	(-2.1255) 	(1.4298) 	(1.3065) 	(-0.1581) 	(-1.6321) 	(-1.1672) 	(-1.4513) 	(37.275) 	(-1.3227) 	(-0.2137) 	(-0.3784) 	(-1.5601) 	(-0.7950) 	(1.4036) 	(-0.8676) 	(-0.8552) 	(-0.2984) 	(-0.6906) 	(-2.0322) 	(-1.1079) 	(1.5541) 	(-0.5224) 	(0.1957)
lURG_2019_PL 	0.0452 	0.0190 	-0.0260 	-0.0031 	0.0045 	0.0541 	0.0003 	0.0023 	0.0090 	0.0023 	0.0006 	0.0022 	0.0151 	0.0033 	0.9804 	0.0193 	0.0101 	-0.0092 	-0.0004 	0.0438 	-0.0010 	0.0014 	0.0046 	0.0006 	-0.0022 	0.0022 	0.0074 	0.0021 	0.0132
	(6.0044) 	(0.8947) 	(-1.4976) 	(-0.2982) 	(1.1366) 	(3.4524) 	(0.0663) 	(0.3518) 	(1.8335) 	(1.1886) 	(0.4282) 	(1.5232) 	(3.0421) 	(1.5886) 	(114.14) 	(1.6566) 	(2.1442) 	(-1.4598) 	(-0.3901) 	(2.3667) 	(-1.1727) 	(0.5752) 	(1.7138) 	(0.5851) 	(-0.8988) 	(1.8077) 	(2.1108) 	(1.7518) 	(2.5147)
lMCO_HC_2019_PL 	-0.0171 	0.0904 	0.0489 	0.0215 	0.0069 	-0.0119 	0.0022 	0.0033 	-0.0101 	0.0008 	0.0005 	0.0026 	-0.0112 	-0.0039 	0.0024 	0.1118 	0.9581 	0.0074 	0.0002 	0.0285 	0.0116 	0.0001 	-0.0002 	0.0016 	0.0092 	0.0023 	-0.0055 	-0.0023 	-0.0046
	(-3.3713) 	(1.9952) 	(2.0188) 	(1.3641) 	(1.6767) 	(-0.9611) 	(0.4260) 	(0.6373) 	(-1.4341) 	(0.2870) 	(0.2900) 	(1.4575) 	(-2.4754) 	(-1.2372) 	(0.4578) 	(2.6038) 	(65.030) 	(0.3894) 	(0.1830) 	(2.5336) 	(1.1599) 	(0.0935) 	(-0.0494) 	(0.7627) 	(2.0745) 	(1.2368) 	(-1.5575) 	(-1.0474) 	(-0.3998)
lMCO_HP_2019_PL 	-0.0075 	-0.0834 	-0.0185 	-0.0256 	-0.0005 	0.0013 	-0.0105 	-0.0027 	-0.0009 	-0.0036 	-0.0022 	0.0041 	-0.0073 	-0.0002 	0.0059 	0.8623 	0.0101 	-0.0065 	-0.0055 	0.0409 	-0.0097 	-0.0010 	-0.0048 	-0.0025 	-0.0058 	0.0008 	-0.0026 	-1.237e-06 	-0.0082
	(-1.1805) 	(-1.8817) 	(-0.8081) 	(-1.7810) 	(-0.0989) 	(0.0900) 	(-1.9563) 	(-0.5775) 	(-0.3210) 	(-1.1712) 	(-1.2479) 	(1.7189) 	(-1.4659) 	(-0.1225) 	(0.7207) 	(20.542) 	(0.7553) 	(-0.3767) 	(-1.4924) 	(2.8595) 	(-1.1386) 	(-0.5655) 	(-1.3793) 	(-0.9738) 	(-1.6444) 	(0.4831) 	(-1.0000) 	(-0.0007) 	(-0.7247)
lSSR_2019_PL 	0.0021 	-0.0043 	-0.0002 	0.0576 	0.0018 	0.0046 	-0.0006 	-0.0026 	0.0010 	0.0007 	0.0022 	0.0058 	-0.0067 	0.0006 	0.0011 	-0.0178 	-0.0048 	0.9594 	-0.0106 	0.0156 	0.0007 	-0.0003 	0.0006 	0.0001 	0.0048 	0.0040 	-0.0025 	0.0003 	-0.0009
	(0.4879) 	(-0.2849) 	(-0.0138) 	(7.7758) 	(0.2702) 	(0.3899) 	(-0.1348) 	(-0.7899) 	(0.8769) 	(0.7238) 	(1.6222) 	(1.9081) 	(-1.8005) 	(0.9796) 	(0.1192) 	(-1.2832) 	(-0.5986) 	(150.71) 	(-1.6556) 	(1.2058) 	(0.6438) 	(-0.3278) 	(0.4524) 	(0.2124) 	(2.1056) 	(1.7645) 	(-1.5119) 	(0.4237) 	(-0.2370)
lPSY_2019_PL 	-0.0071 	-0.0177 	0.0057 	-0.0137 	-0.0147 	0.0034 	0.0015 	-0.0031 	0.0019 	0.0018 	0.0004 	-0.0148 	-0.0002 	0.0004 	-0.0005 	-0.0083 	-0.0010 	-0.0216 	0.9897 	0.0176 	0.0004 	-0.0008 	0.0014 	0.0013 	-0.0039 	-0.0095 	-0.0016 	-8.875e-05 	0.0017
	(-2.1506) 	(-1.4392) 	(0.7275) 	(-2.5073) 	(-1.3053) 	(0.3813) 	(0.5185) 	(-1.4087) 	(1.9314) 	(1.6612) 	(0.4786) 	(-2.1394) 	(-0.0410) 	(0.7382) 	(-0.0881) 	(-0.7864) 	(-0.1924) 	(-3.7620) 	(79.605) 	(1.7730) 	(0.7390) 	(-0.8878) 	(0.9279) 	(0.9266) 	(-1.6511) 	(-1.9016) 	(-1.0435) 	(-0.1359) 	(0.6206)
lSEANCES_2019_PL 	-0.0832 	-0.0134 	-0.0100 	-0.0247 	0.0050 	-0.0311 	0.0065 	-0.0102 	0.0012 	-0.0008 	0.0010 	-0.0019 	0.0002 	-0.0005 	-0.0170 	0.0193 	0.0049 	-0.0183 	-0.0010 	0.8811 	-0.0014 	-0.0032 	-0.0014 	-0.0008 	-0.0033 	-0.0017 	0.0010 	-0.0013 	-0.0055
	(-10.017) 	(-0.7380) 	(-0.7591) 	(-2.6317) 	(0.6429) 	(-1.5973) 	(1.4680) 	(-1.5150) 	(0.6411) 	(-0.8850) 	(0.5906) 	(-0.8129) 	(0.0450) 	(-0.6002) 	(-1.6377) 	(1.5362) 	(0.8232) 	(-2.0822) 	(-0.7599) 	(41.558) 	(-1.1321) 	(-0.9118) 	(-0.9962) 	(-1.1056) 	(-1.5667) 	(-1.0654) 	(0.3821) 	(-1.1525) 	(-1.1519)
lUSLD_2019_PL 	0.0149 	0.0176 	0.0114 	-0.0106 	0.0273 	0.0278 	-0.0349 	-0.0019 	-0.0019 	-0.0004 	0.0003 	0.0063 	-0.0046 	-0.0057 	0.0018 	0.0375 	0.0093 	-0.0293 	-0.0131 	0.0262 	0.9545 	-0.0005 	-0.0009 	-0.0013 	-0.0001 	0.0022 	-0.0004 	-0.0096 	-0.0035
	(2.1442) 	(0.2653) 	(0.9431) 	(-0.5779) 	(1.8681) 	(1.8898) 	(-0.8540) 	(-0.4905) 	(-0.4086) 	(-0.2709) 	(0.2374) 	(1.3393) 	(-0.9001) 	(-1.1386) 	(0.2520) 	(0.5379) 	(0.9503) 	(-2.1053) 	(-1.2701) 	(1.5571) 	(33.367) 	(-0.3495) 	(-0.3919) 	(-0.9516) 	(-0.0516) 	(0.7637) 	(-0.1685) 	(-1.2698) 	(-0.3378)
lURG_2019_CHU 	0.0948 	0.0502 	-0.0256 	-0.0175 	-9.721e-05 	0.0364 	0.0048 	0.0208 	0.0022 	-2.198e-05 	-0.0037 	-0.0016 	0.0121 	0.0004 	0.0163 	0.0010 	0.0002 	-0.0005 	-0.0006 	0.0138 	-0.0005 	0.9705 	0.0659 	0.0249 	-0.0141 	0.0095 	0.0348 	0.0171 	-0.0025
	(7.7052) 	(1.4081) 	(-1.3358) 	(-1.4336) 	(-0.0094) 	(1.7332) 	(0.6372) 	(1.6761) 	(0.9348) 	(-0.0254) 	(-1.0689) 	(-0.4365) 	(1.9287) 	(0.3202) 	(1.4719) 	(0.2816) 	(0.1599) 	(-0.1201) 	(-0.4061) 	(1.0869) 	(-0.9367) 	(41.277) 	(2.0632) 	(3.0760) 	(-1.1437) 	(0.6519) 	(1.1040) 	(1.6083) 	(-0.4123)
lMCO_HC_2019_CHU 	-0.0209 	0.2057 	0.1038 	0.0220 	-0.0357 	0.0246 	-0.0061 	-0.0031 	-0.0011 	0.0077 	0.0015 	-0.0022 	-0.0264 	-0.0014 	-0.0008 	0.0189 	0.0057 	-0.0080 	-0.0011 	-0.0514 	0.0008 	0.0127 	0.1758 	0.9655 	0.0425 	-0.0279 	0.1487 	-0.0005 	0.0380
	(-2.5676) 	(2.5268) 	(2.7216) 	(0.6435) 	(-2.0353) 	(0.6464) 	(-0.3538) 	(-0.5267) 	(-0.1765) 	(1.2163) 	(0.4523) 	(-0.4688) 	(-2.7937) 	(-0.4848) 	(-0.1837) 	(1.1678) 	(0.5939) 	(-0.5409) 	(-0.5212) 	(-2.6777) 	(0.9884) 	(0.9662) 	(2.0634) 	(43.517) 	(0.6509) 	(-2.0343) 	(2.2070) 	(-0.0345) 	(2.2095)
lMCO_HP_2019_CHU 	-0.0018 	-0.1728 	-0.0659 	0.0041 	0.0028 	0.0003 	-0.0081 	-0.0017 	0.0011 	-0.0031 	-0.0009 	0.0047 	-0.0014 	0.0010 	-0.0015 	-0.0056 	-0.0030 	-0.0021 	0.0018 	-0.0041 	-0.0002 	0.0063 	0.7701 	-0.0401 	0.0050 	-0.0039 	0.0270 	-0.0116 	-0.0212
	(-0.1419) 	(-1.9631) 	(-1.9434) 	(0.1451) 	(0.1536) 	(0.0081) 	(-0.4402) 	(-0.3297) 	(0.2639) 	(-0.8962) 	(-0.3496) 	(0.9497) 	(-0.1860) 	(0.4774) 	(-0.3566) 	(-0.6002) 	(-0.7954) 	(-0.1804) 	(0.7873) 	(-0.2610) 	(-0.3529) 	(0.6612) 	(8.3914) 	(-1.7412) 	(0.0965) 	(-0.3298) 	(0.5624) 	(-0.6484) 	(-1.4175)
lSSR_2019_CHU 	0.0297 	0.0123 	0.0016 	0.0272 	-0.0193 	0.0358 	-0.0021 	0.0088 	0.0015 	0.0017 	0.0016 	0.0027 	0.0035 	6.538e-07 	0.0085 	0.0057 	0.0011 	0.0136 	0.0009 	0.0053 	-0.0004 	-0.0124 	-0.0119 	-0.0091 	0.9118 	-0.0189 	0.0181 	0.0064 	0.0006
	(2.2205) 	(0.3118) 	(0.0873) 	(1.6294) 	(-1.2395) 	(1.4755) 	(-0.2458) 	(1.4651) 	(0.6972) 	(1.1060) 	(0.7511) 	(0.5749) 	(0.6170) 	(0.0004) 	(1.5125) 	(1.5951) 	(0.5950) 	(1.9769) 	(0.4610) 	(0.4153) 	(-0.7630) 	(-0.7690) 	(-0.2905) 	(-0.4945) 	(42.833) 	(-1.0070) 	(0.5181) 	(0.4881) 	(0.0904)
lPSY_2019_CHU 	0.0100 	0.0407 	0.0042 	-0.0120 	-0.0553 	0.0018 	-0.0059 	0.0046 	0.0002 	0.0002 	-0.0005 	-0.0087 	0.0004 	0.0010 	0.0041 	-0.0005 	-0.0003 	0.0012 	-0.0036 	-0.0077 	0.0003 	-0.0082 	0.0577 	0.0066 	-0.0305 	0.9285 	0.0199 	-0.0137 	0.0018
	(1.2509) 	(1.6571) 	(0.1371) 	(-0.8507) 	(-3.5617) 	(0.0783) 	(-0.8333) 	(1.3914) 	(0.1186) 	(0.2045) 	(-0.3350) 	(-1.5168) 	(0.0740) 	(0.7246) 	(1.3769) 	(-0.1614) 	(-0.3412) 	(0.1853) 	(-1.1026) 	(-0.7863) 	(0.7075) 	(-0.8550) 	(2.0664) 	(0.1999) 	(-1.1002) 	(52.455) 	(0.9881) 	(-1.1508) 	(0.1547)
lSEANCES_2019_CHU 	-0.0563 	-0.0929 	-0.0018 	-0.0313 	0.0300 	0.0289 	0.0025 	-0.0095 	0.0005 	-0.0004 	0.0005 	-0.0064 	0.0189 	0.0001 	-0.0100 	-0.0041 	0.0013 	-0.0029 	-0.0021 	0.0450 	0.0002 	0.0204 	-0.0599 	0.0075 	-0.0233 	0.0356 	0.8499 	-0.0151 	-0.0071
	(-2.5446) 	(-2.9475) 	(-0.1054) 	(-2.1350) 	(1.5981) 	(0.8622) 	(0.2304) 	(-1.1600) 	(0.2357) 	(-0.2722) 	(0.2499) 	(-0.9811) 	(1.9498) 	(0.0819) 	(-1.3110) 	(-0.9957) 	(0.8257) 	(-0.5271) 	(-0.7511) 	(2.1507) 	(0.3620) 	(1.2867) 	(-2.1797) 	(0.7682) 	(-1.3032) 	(1.2524) 	(15.261) 	(-0.8593) 	(-1.0695)
lUSLD_2019_CHU 	-0.0127 	-0.0847 	-0.0453 	0.0138 	0.0414 	0.0084 	0.0224 	-0.0076 	0.0139 	1.109e-05 	-0.0006 	-0.0080 	0.0133 	0.0135 	-0.0082 	0.0010 	2.255e-05 	-0.0085 	-0.0033 	0.0196 	0.0031 	-0.0041 	-0.0779 	-0.0568 	0.0054 	0.0354 	-0.0599 	0.8900 	-0.0181
	(-0.5988) 	(-1.0155) 	(-0.8130) 	(0.3544) 	(1.6379) 	(0.2148) 	(0.7813) 	(-1.1146) 	(1.6543) 	(0.0043) 	(-0.1919) 	(-1.1346) 	(1.1819) 	(1.9276) 	(-1.3600) 	(0.1177) 	(0.0079) 	(-0.6843) 	(-0.9383) 	(0.8097) 	(1.0372) 	(-0.4298) 	(-0.9236) 	(-1.0731) 	(0.1087) 	(1.1840) 	(-1.1821) 	(27.777) 	(-0.7176)
lduree_MCO_2019 	-0.0694 	-0.5852 	-0.3897 	0.0143 	0.0055 	-0.0800 	-0.0112 	0.0150 	-0.1181 	-0.0589 	-0.0184 	0.0045 	-0.0228 	-0.0323 	0.0034 	-0.2076 	-0.0339 	-0.0065 	0.0069 	0.0057 	0.0041 	-0.0074 	-0.0746 	-0.0243 	0.0228 	0.0009 	-0.0123 	-0.0094 	0.7723
	(-4.0854) 	(-4.8916) 	(-4.6531) 	(0.3351) 	(0.2723) 	(-2.0609) 	(-0.6058) 	(0.6393) 	(-2.0499) 	(-1.4435) 	(-2.1549) 	(0.6942) 	(-0.9951) 	(-1.6214) 	(0.2560) 	(-2.9434) 	(-1.2179) 	(-0.2190) 	(1.1093) 	(0.1566) 	(1.1907) 	(-0.8165) 	(-2.0468) 	(-0.9167) 	(0.8525) 	(0.1007) 	(-0.4803) 	(-0.8502) 	(17.841)


T-stats reported in parentheses
T-stats use same covariance type as original model
id: 0x7fee02f1a850