   Personnel  Statut   HC_coef     HC_se       HC_pval   HP_coef     HP_se  \
0       lMED  Public  0.275450  0.022090  0.000000e+00  0.071151  0.012312   
1       lMED      PL  0.194735  0.025000  6.661338e-15  0.161694  0.023048   
2       lMED     PNL  0.265232  0.022225  0.000000e+00  0.096076  0.019758   
3       lMED     CHU  0.180555  0.035267  3.061498e-07  0.168036  0.033489   
4       lIDE  Public  0.182816  0.023199  3.330669e-15  0.060650  0.012268   
5       lIDE      PL  0.151925  0.022619  1.857114e-11  0.086237  0.017642   
6       lIDE     PNL  0.212955  0.024262  0.000000e+00  0.054325  0.019673   
7       lIDE     CHU  0.133288  0.031947  3.017506e-05  0.090960  0.031425   
8       lAID  Public  0.163533  0.027401  2.400840e-09  0.033669  0.014538   
9       lAID      PL  0.136743  0.028721  1.925601e-06  0.056156  0.024741   
10      lAID     PNL  0.190156  0.027284  3.181899e-12  0.048970  0.021506   
11      lAID     CHU  0.111514  0.036630  2.331849e-03  0.128918  0.033986   
12    lADMIN  Public  0.213442  0.025288  0.000000e+00  0.039205  0.014375   
13    lADMIN      PL  0.126257  0.020469  6.913325e-10  0.093121  0.015692   
14    lADMIN     PNL  0.155967  0.024664  2.553995e-10  0.081292  0.020887   
15    lADMIN     CHU  0.100547  0.044208  2.294200e-02  0.163437  0.041833   

         HP_pval  
0   7.507183e-09  
1   2.289946e-12  
2   1.157977e-06  
3   5.232710e-07  
4   7.657810e-07  
5   1.018232e-06  
6   5.754808e-03  
7   3.797275e-03  
8   2.056640e-02  
9   2.322132e-02  
10  2.278313e-02  
11  1.486504e-04  
12  6.384978e-03  
13  2.947866e-09  
14  9.943879e-05  
15  9.348701e-05 