OLS Regression Results
Dep. Variable:	lMED	R-squared:	0.829
Model:	OLS	Adj. R-squared:	0.827
Method:	Least Squares	F-statistic:	473.9
Date:	Fri, 17 Apr 2026	Prob (F-statistic):	0.00
Time:	08:18:48	Log-Likelihood:	-2616.8
No. Observations:	2948	AIC:	5312.
Df Residuals:	2909	BIC:	5545.
Df Model:	38		
Covariance Type:	HC1		
coef	std err	z	P>|z|	[0.025	0.975]
const	1.6916	0.048	35.526	0.000	1.598	1.785
lURG	0.3124	0.056	5.608	0.000	0.203	0.422
lMCO_HP	0.0800	0.010	7.895	0.000	0.060	0.100
lMCO_HC	0.2524	0.018	14.177	0.000	0.218	0.287
lSSR	0.2836	0.024	11.616	0.000	0.236	0.331
lPSY	0.3856	0.029	13.397	0.000	0.329	0.442
lSEANCES	0.0614	0.015	4.033	0.000	0.032	0.091
lUSLD	-0.0086	0.040	-0.213	0.831	-0.088	0.071
Statut_PNL	0.1355	0.073	1.859	0.063	-0.007	0.278
Statut_PL	0.1943	0.074	2.611	0.009	0.048	0.340
Statut_CHU	0.4321	0.180	2.395	0.017	0.078	0.786
I_PSY	-2.1361	0.242	-8.839	0.000	-2.610	-1.662
I_SSR	-1.5384	0.140	-10.961	0.000	-1.813	-1.263
I_URG	-2.6836	0.492	-5.456	0.000	-3.648	-1.719
I_USLD	-0.1528	0.134	-1.143	0.253	-0.415	0.109
I_SEANCES	-0.4730	0.096	-4.943	0.000	-0.661	-0.285
I_MCO	-0.4064	0.105	-3.855	0.000	-0.613	-0.200
lduree_MCO	-0.2050	0.039	-5.238	0.000	-0.282	-0.128
lURG_PNL	-0.0198	0.015	-1.314	0.189	-0.049	0.010
lMCO_HP_PNL	0.0205	0.018	1.165	0.244	-0.014	0.055
lMCO_HC_PNL	0.0013	0.016	0.083	0.934	-0.029	0.032
lSSR_PNL	-0.0020	0.012	-0.170	0.865	-0.025	0.021
lPSY_PNL	-0.0089	0.013	-0.709	0.478	-0.034	0.016
lSEANCES_PNL	0.0419	0.015	2.867	0.004	0.013	0.071
lUSLD_PNL	-0.0160	0.027	-0.587	0.557	-0.070	0.038
lURG_PL	-0.0218	0.013	-1.700	0.089	-0.047	0.003
lMCO_HP_PL	0.0664	0.020	3.388	0.001	0.028	0.105
lMCO_HC_PL	-0.0531	0.020	-2.637	0.008	-0.093	-0.014
lSSR_PL	-0.0081	0.011	-0.720	0.471	-0.030	0.014
lPSY_PL	-0.0587	0.011	-5.430	0.000	-0.080	-0.037
lSEANCES_PL	0.0154	0.012	1.315	0.189	-0.008	0.038
lUSLD_PL	0.0294	0.033	0.880	0.379	-0.036	0.095
lURG_CHU	-0.0007	0.018	-0.040	0.968	-0.036	0.035
lMCO_HP_CHU	0.0812	0.028	2.933	0.003	0.027	0.136
lMCO_HC_CHU	-0.0739	0.030	-2.436	0.015	-0.133	-0.014
lSSR_CHU	-0.0022	0.019	-0.116	0.908	-0.040	0.035
lPSY_CHU	-0.0340	0.015	-2.215	0.027	-0.064	-0.004
lSEANCES_CHU	0.0335	0.019	1.740	0.082	-0.004	0.071
lUSLD_CHU	-0.0018	0.036	-0.049	0.961	-0.073	0.069
Omnibus:	321.076	Durbin-Watson:	1.854
Prob(Omnibus):	0.000	Jarque-Bera (JB):	1195.463
Skew:	0.502	Prob(JB):	2.56e-260
Kurtosis:	5.953	Cond. No.	392.