OLS Regression Results 
Dep. Variable: 	lAID 	R-squared: 	0.714
Model: 	OLS 	Adj. R-squared: 	0.710
Method: 	Least Squares 	F-statistic: 	254.3
Date: 	Fri, 17 Apr 2026 	Prob (F-statistic): 	0.00
Time: 	11:55:31 	Log-Likelihood: 	-3327.6
No. Observations: 	3141 	AIC: 	6733.
Df Residuals: 	3102 	BIC: 	6969.
Df Model: 	38 		
Covariance Type: 	HC1 		
	coef 	std err 	z 	P>|z| 	[0.025 	0.975]
const 	2.6701 	0.054 	49.781 	0.000 	2.565 	2.775
lURG 	0.3943 	0.063 	6.262 	0.000 	0.271 	0.518
lMCO_HP 	0.0523 	0.014 	3.806 	0.000 	0.025 	0.079
lMCO_HC 	0.1687 	0.023 	7.298 	0.000 	0.123 	0.214
lSSR 	0.3374 	0.029 	11.796 	0.000 	0.281 	0.393
lPSY 	0.3023 	0.033 	9.148 	0.000 	0.238 	0.367
lSEANCES 	0.0791 	0.018 	4.289 	0.000 	0.043 	0.115
lUSLD 	0.1654 	0.044 	3.755 	0.000 	0.079 	0.252
Statut_PNL 	-0.6034 	0.079 	-7.620 	0.000 	-0.759 	-0.448
Statut_PL 	-0.5796 	0.080 	-7.238 	0.000 	-0.736 	-0.423
Statut_CHU 	0.7509 	0.231 	3.254 	0.001 	0.299 	1.203
I_PSY 	-1.7802 	0.282 	-6.317 	0.000 	-2.333 	-1.228
I_SSR 	-1.5612 	0.164 	-9.521 	0.000 	-1.883 	-1.240
I_URG 	-3.2792 	0.549 	-5.969 	0.000 	-4.356 	-2.202
I_USLD 	-0.0225 	0.144 	-0.156 	0.876 	-0.305 	0.260
I_SEANCES 	-0.5069 	0.110 	-4.588 	0.000 	-0.723 	-0.290
I_MCO 	-1.0450 	0.156 	-6.710 	0.000 	-1.350 	-0.740
lduree_MCO 	0.1093 	0.046 	2.359 	0.018 	0.018 	0.200
lURG_PNL 	-0.0148 	0.018 	-0.830 	0.407 	-0.050 	0.020
lMCO_HP_PNL 	0.0150 	0.024 	0.620 	0.535 	-0.032 	0.062
lMCO_HC_PNL 	0.0439 	0.019 	2.267 	0.023 	0.006 	0.082
lSSR_PNL 	0.0766 	0.013 	5.814 	0.000 	0.051 	0.102
lPSY_PNL 	0.0415 	0.020 	2.054 	0.040 	0.002 	0.081
lSEANCES_PNL 	0.0226 	0.016 	1.375 	0.169 	-0.010 	0.055
lUSLD_PNL 	0.0528 	0.032 	1.658 	0.097 	-0.010 	0.115
lURG_PL 	-0.0085 	0.015 	-0.552 	0.581 	-0.038 	0.022
lMCO_HP_PL 	0.0080 	0.023 	0.344 	0.731 	-0.037 	0.053
lMCO_HC_PL 	0.0016 	0.022 	0.073 	0.942 	-0.041 	0.045
lSSR_PL 	0.0412 	0.012 	3.372 	0.001 	0.017 	0.065
lPSY_PL 	-0.0274 	0.012 	-2.299 	0.022 	-0.051 	-0.004
lSEANCES_PL 	0.0341 	0.014 	2.431 	0.015 	0.007 	0.062
lUSLD_PL 	0.0617 	0.036 	1.702 	0.089 	-0.009 	0.133
lURG_CHU 	-0.0232 	0.020 	-1.148 	0.251 	-0.063 	0.016
lMCO_HP_CHU 	0.0750 	0.031 	2.414 	0.016 	0.014 	0.136
lMCO_HC_CHU 	-0.0542 	0.034 	-1.606 	0.108 	-0.120 	0.012
lSSR_CHU 	-0.0130 	0.021 	-0.623 	0.533 	-0.054 	0.028
lPSY_CHU 	-0.0647 	0.016 	-4.012 	0.000 	-0.096 	-0.033
lSEANCES_CHU 	0.0312 	0.021 	1.517 	0.129 	-0.009 	0.071
lUSLD_CHU 	-0.0320 	0.037 	-0.864 	0.387 	-0.105 	0.041
Omnibus: 	239.286 	Durbin-Watson: 	1.859
Prob(Omnibus): 	0.000 	Jarque-Bera (JB): 	650.952
Skew: 	-0.419 	Prob(JB): 	4.44e-142
Kurtosis: 	5.067 	Cond. No. 	394.


Notes:
[1] Standard Errors are heteroscedasticity robust (HC1)