OLS Regression Results
Dep. Variable:	lADMIN	R-squared:	0.740
Model:	OLS	Adj. R-squared:	0.736
Method:	Least Squares	F-statistic:	255.8
Date:	Fri, 17 Apr 2026	Prob (F-statistic):	0.00
Time:	08:18:48	Log-Likelihood:	-2905.9
No. Observations:	2948	AIC:	5890.
Df Residuals:	2909	BIC:	6123.
Df Model:	38		
Covariance Type:	HC1		
coef	std err	z	P>|z|	[0.025	0.975]
const	1.9305	0.058	33.471	0.000	1.817	2.044
lURG	0.2800	0.062	4.494	0.000	0.158	0.402
lMCO_HP	0.0517	0.012	4.159	0.000	0.027	0.076
lMCO_HC	0.2007	0.021	9.508	0.000	0.159	0.242
lSSR	0.2306	0.027	8.416	0.000	0.177	0.284
lPSY	0.3940	0.032	12.456	0.000	0.332	0.456
lSEANCES	0.1032	0.018	5.797	0.000	0.068	0.138
lUSLD	-0.0150	0.050	-0.300	0.765	-0.113	0.083
Statut_PNL	0.2534	0.082	3.098	0.002	0.093	0.414
Statut_PL	0.0404	0.072	0.558	0.577	-0.102	0.182
Statut_CHU	0.0615	0.261	0.236	0.814	-0.450	0.573
I_PSY	-2.1574	0.265	-8.152	0.000	-2.676	-1.639
I_SSR	-1.1558	0.156	-7.407	0.000	-1.462	-0.850
I_URG	-2.2392	0.541	-4.142	0.000	-3.299	-1.179
I_USLD	-0.0473	0.165	-0.286	0.775	-0.371	0.277
I_SEANCES	-0.6661	0.104	-6.396	0.000	-0.870	-0.462
I_MCO	-0.3475	0.131	-2.655	0.008	-0.604	-0.091
lduree_MCO	-0.1006	0.043	-2.356	0.018	-0.184	-0.017
lURG_PNL	-0.0216	0.018	-1.199	0.231	-0.057	0.014
lMCO_HP_PNL	0.0314	0.020	1.572	0.116	-0.008	0.070
lMCO_HC_PNL	-0.0434	0.016	-2.726	0.006	-0.075	-0.012
lSSR_PNL	0.0426	0.013	3.165	0.002	0.016	0.069
lPSY_PNL	0.0092	0.015	0.613	0.540	-0.020	0.038
lSEANCES_PNL	0.0581	0.018	3.294	0.001	0.024	0.093
lUSLD_PNL	-0.0208	0.029	-0.713	0.476	-0.078	0.036
lURG_PL	-0.0229	0.014	-1.584	0.113	-0.051	0.005
lMCO_HP_PL	0.0326	0.018	1.838	0.066	-0.002	0.067
lMCO_HC_PL	-0.0701	0.018	-3.941	0.000	-0.105	-0.035
lSSR_PL	0.0112	0.011	0.996	0.319	-0.011	0.033
lPSY_PL	-0.0753	0.010	-7.187	0.000	-0.096	-0.055
lSEANCES_PL	0.0079	0.013	0.610	0.542	-0.018	0.033
lUSLD_PL	0.0165	0.045	0.370	0.712	-0.071	0.104
lURG_CHU	0.0049	0.021	0.239	0.811	-0.036	0.046
lMCO_HP_CHU	0.1324	0.037	3.599	0.000	0.060	0.204
lMCO_HC_CHU	-0.1008	0.042	-2.374	0.018	-0.184	-0.018
lSSR_CHU	-0.0190	0.023	-0.812	0.417	-0.065	0.027
lPSY_CHU	-0.0420	0.018	-2.305	0.021	-0.078	-0.006
lSEANCES_CHU	0.0230	0.022	1.056	0.291	-0.020	0.066
lUSLD_CHU	0.0311	0.048	0.651	0.515	-0.063	0.125
Omnibus:	75.307	Durbin-Watson:	1.801
Prob(Omnibus):	0.000	Jarque-Bera (JB):	168.936
Skew:	-0.085	Prob(JB):	2.07e-37
Kurtosis:	4.160	Cond. No.	392.