 OLS Regression Results Dep. Variable: 	lIDE 	R-squared: 	0.765
Model: 	OLS 	Adj. R-squared: 	0.762
Method: 	Least Squares 	F-statistic: 	328.6
Date: 	Fri, 17 Apr 2026 	Prob (F-statistic): 	0.00
Time: 	11:55:25 	Log-Likelihood: 	-3732.1
No. Observations: 	3530 	AIC: 	7542.
Df Residuals: 	3491 	BIC: 	7783.
Df Model: 	38 		
Covariance Type: 	HC1 		
	coef 	std err 	z 	P>|z| 	[0.025 	0.975]
const 	2.5813 	0.050 	51.316 	0.000 	2.483 	2.680
lURG 	0.2939 	0.068 	4.332 	0.000 	0.161 	0.427
lMCO_HP 	0.0590 	0.012 	4.728 	0.000 	0.035 	0.084
lMCO_HC 	0.2138 	0.021 	10.157 	0.000 	0.173 	0.255
lSSR 	0.3297 	0.028 	11.972 	0.000 	0.276 	0.384
lPSY 	0.4853 	0.032 	15.225 	0.000 	0.423 	0.548
lSEANCES 	0.0883 	0.019 	4.597 	0.000 	0.051 	0.126
lUSLD 	0.1386 	0.042 	3.286 	0.001 	0.056 	0.221
Statut_PNL 	-0.3591 	0.068 	-5.259 	0.000 	-0.493 	-0.225
Statut_PL 	-0.3833 	0.074 	-5.205 	0.000 	-0.528 	-0.239
Statut_CHU 	0.8462 	0.189 	4.468 	0.000 	0.475 	1.217
I_PSY 	-2.4351 	0.265 	-9.195 	0.000 	-2.954 	-1.916
I_SSR 	-1.7474 	0.157 	-11.166 	0.000 	-2.054 	-1.441
I_URG 	-2.3426 	0.592 	-3.959 	0.000 	-3.502 	-1.183
I_USLD 	-0.3316 	0.139 	-2.382 	0.017 	-0.605 	-0.059
I_SEANCES 	-0.5589 	0.110 	-5.090 	0.000 	-0.774 	-0.344
I_MCO 	-0.7801 	0.131 	-5.937 	0.000 	-1.038 	-0.523
lduree_MCO 	-0.0669 	0.042 	-1.583 	0.113 	-0.150 	0.016
lURG_PNL 	-0.0184 	0.018 	-1.016 	0.310 	-0.054 	0.017
lMCO_HP_PNL 	0.0203 	0.022 	0.938 	0.348 	-0.022 	0.063
lMCO_HC_PNL 	0.0434 	0.017 	2.549 	0.011 	0.010 	0.077
lSSR_PNL 	0.0574 	0.012 	4.898 	0.000 	0.034 	0.080
lPSY_PNL 	0.0182 	0.017 	1.087 	0.277 	-0.015 	0.051
lSEANCES_PNL 	0.0298 	0.018 	1.655 	0.098 	-0.005 	0.065
lUSLD_PNL 	-0.0217 	0.027 	-0.811 	0.417 	-0.074 	0.031
lURG_PL 	-0.0172 	0.015 	-1.110 	0.267 	-0.047 	0.013
lMCO_HP_PL 	0.0588 	0.019 	3.042 	0.002 	0.021 	0.097
lMCO_HC_PL 	-0.0254 	0.018 	-1.413 	0.158 	-0.061 	0.010
lSSR_PL 	0.0344 	0.011 	3.007 	0.003 	0.012 	0.057
lPSY_PL 	-0.0529 	0.012 	-4.567 	0.000 	-0.076 	-0.030
lSEANCES_PL 	0.0281 	0.014 	1.956 	0.050 	-5.2e-05 	0.056
lUSLD_PL 	0.0111 	0.031 	0.363 	0.717 	-0.049 	0.071
lURG_CHU 	-0.0121 	0.020 	-0.605 	0.545 	-0.051 	0.027
lMCO_HP_CHU 	0.0538 	0.029 	1.863 	0.062 	-0.003 	0.110
lMCO_HC_CHU 	-0.0484 	0.030 	-1.615 	0.106 	-0.107 	0.010
lSSR_CHU 	-0.0176 	0.019 	-0.922 	0.356 	-0.055 	0.020
lPSY_CHU 	-0.1043 	0.017 	-6.121 	0.000 	-0.138 	-0.071
lSEANCES_CHU 	0.0319 	0.020 	1.565 	0.118 	-0.008 	0.072
lUSLD_CHU 	-0.0504 	0.031 	-1.620 	0.105 	-0.111 	0.011
Omnibus: 	161.700 	Durbin-Watson: 	1.823
Prob(Omnibus): 	0.000 	Jarque-Bera (JB): 	526.781
Skew: 	-0.103 	Prob(JB): 	4.08e-115
Kurtosis: 	4.881 	Cond. No. 	394.


Notes:
[1] Standard Errors are heteroscedasticity robust (HC1)